 334
 144
 275
3499
3042
4603
 436
1049
4997
1230
3575
4463
3239
4166
3495
3244
1694
3124
  80
4527
  36
1920
 456
3008
4068
1308
1332
3824
 858
1654
4275
4685
1089
4524
4465
 834
1170
2203
3205
2615
4573
3418
3068
1108
3435
1159
3829
2990
4790
1731
4116
  52
  82
2571
4220
2208
1732
  61
4538
4183
4659
3304
1772
3804
4918
1700
1535
1918
3706
2700
1653
3599
 857
1720
3995
2782
2271
1091
1148
1460
2163
3310
4612
3492
4187
3588
2968
4918
 605
2795
4692
2547
3434
3479
2412
3361
3118
1733
1547
 744
4055
1854
1590
 763
3718
3238
4521
1711
3359
3873
 770
4012
 955
2581
 222
1159
2434
 786
2970
4347
1433
3394
4142
4830
3060
1417
2749
 142
1423
2549
4753
4882
3458
2035
1865
4376
3590
 552
2596
 448
 236
2705
4225
2525
 810
3016
4096
 296
4433
4046
4728
 318
3951
2860
3156
2125
1208
 625
2899
4779
2373
1190
 372
3046
3170
4432
4703
2403
3135
4131
3815
 559
3758
3157
3267
2400
2725
4834
 147
2545
3525
3398
4010
1521
1144
 835
 116
3573
2245
1295
3761
3455
 424
1597
1367
4066
 348
3384
3437
 551
4821
 740
4224
 492
2688
4213
1243
3402
4563
2674
3235
 851
1018
1550
4978
 461
2405
4238
2372
1148
4170
2503
1303
4150
2547
 652
2026
  62
2096
1528
4366
1912
1515
 670
2738
2032
3600
1418
 752
 351
 267
1249
2915
1672
1349
2237
3111
 202
2133
 829
2289
2850
4656
2739
  99
1002
1762
2267
2707
1840
4052
4535
1111
1767
2389
3052
1104
3702
2341
 559
2292
2361
4179
2027
3687
 833
 590
1517
1654
1595
1222
4690
4752
 769
2279
4299
 122
3719
 756
1005
4086
2220
2022
1146
2606
4630
1592
1821
2247
1114
1690
4180
1684
3690
2848
  48
2965
1616
4790
2547
4277
1525
 107
 684
1846
  57
 954
2896
3985
2512
2919
1343
2141
 707
1999
3253
1128
2146
4398
3759
4703
2696
 362
 798
2014
3210
 811
 823
2320
2727
1424
1957
1643
 982
4975
2041
2528
2618
1310
4638
4004
 836
 406
2437
2957
2438
2284
4445
2621
2053
2114
 940
3726
3649
 707
 835
 633
 428
2000
1849
1406
2884
2879
1047
 314
 142
2208
1111
3525
2964
3638
 481
1067
3577
4197
4936
4209
2054
1815
 278
 611
3419
1536
3231
4444
1945
1925
3908
4139
4616
1941
 680
4824
3164
3299
 569
3071
4005
 581
4682
 276
3506
3404
1281
1502
 587
 506
1884
 501
3855
2634
4083
4245
 175
4211
3637
 206
1595
 323
4933
3542
3488
2484
4690
3949
4903
 576
4727
1774
 594
1966
4278
1212
3361
2876
2127
3802
4264
 913
3769
3404
 485
2404
3262
1673
1126
4202
 581
3147
1370
4803
4198
 865
 977
4876
4497
4837
3064
2547
4731
4114
1293
3242
3322
3751
1874
 692
2632
2706
2299
2537
1790
 928
 321
1848
4475
2934
2212
3547
2491
1314
1117
4978
2027
3494
1903
3609
2541
3831
3048
4778
 631
1604
1052
 388
2168
 255
1875
2924
2724
2924
1418
2549
2618
2232
3149
4364
3866
1776
4456
2763
3146
4923
3438
4061
3837
4421
3402
3784
1306
2226
1842
3523
3246
3120
1825
1848
 670
  25
4808
2637
1640
4445
3975
3529
3530
 456
 512
1387
3498
2997
4209
2633
  11
3737
2620
3108
2679
3968
4371
 665
4399
 766
1913
4098
4797
 826
3028
4694
2705
2762
1085
 111
 537
4862
 673
3566
 172
3888
2427
 630
4900
1519
4423
2833
1560
4884
4105
1549
2358
2340
 432
2531
1329
1960
1459
 327
3393
 294
 469
2788
4670
 452
2878
1380
 648
1446
2251
 288
3649
4773
3994
3177
2119
3930
1220
2055
3224
3092
2065
4274
 198
1442
3765
2769
2585
3348
3877
3978
2452
3794
1412
1548
 295
4646
1139
 323
3953
2144
4912
3205
4281
  59
1365
4450
4875
 505
 520
3662
4122
 636
1029
1577
1606
3467
4222
3811
1974
4088
 733
3661
3600
2451
 914
4096
3552
1022
1699
1756
  95
4603
 770
2427
2058
2370
2808
3530
 774
1094
4020
2500
2074
4673
3683
4240
2525
3240
   1
2533
3862
1797
1148
3987
 469
4014
 886
1570
3285
3978
2265
3455
4660
1581
3432
2712
1158
4417
4713
3371
3220
4909
1508
3298
4022
2110
4584
2403
2615
1488
 332
2187
  76
3604
 685
2006
4002
2856
2406
 969
4151
2151
2662
 617
 954
2829
2235
4202
 221
1661
 754
2395
4865
 535
3935
4215
1626
1456
1003
1393
 900
 436
 607
4165
3202
2881
4612
4165
3597
1230
3769
3003
4828
3685
1836
2655
 234
2139
4616
2911
4451
3075
  21
2451
4995
4724
1523
2038
3292
3551
 497
4341
 617
1572
3725
1867
1087
4678
4713
4083
3038
4496
3169
2345
2475
1657
1031
3494
2860
1053
1432
2011
2001
3369
4535
2246
3840
  72
1612
3163
2833
3144
4888
1051
1199
2448
4877
4748
3821
 755
4623
2235
 137
2550
3730
2938
4055
4735
  67
4445
3254
 985
1677
1490
2078
2191
4598
1743
3898
1516
2436
4147
2212
1956
3959
3968
1655
1003
2838
4156
3840
2736
2760
3233
 760
3017
3242
2692
 515
1590
3038
3455
1336
 391
2350
4877
3026
4297
4486
2926
4284
2122
1523
 971
 800
3600
1032
3149
3500
4893
4388
2387
 611
2197
2730
4342
2557
1554
2882
4619
 829
 765
1802
 133
 899
2098
2616
4937
 397
3812
 421
4881
2099
 787
2570
2481
3410
1140
 221
3220
 130
 605
4769
1137
4852
2049
3892
4681
3474
1119
2180
4788
4109
4244
1939
2674
1642
3395
4793
3377
3540
3716
1691
1576
1220
 182
1791
2944
3277
 556
3727
2332
 153
2037
3532
4152
4567
 203
4464
2669
1905
4577
3387
3932
3277
4189
2791
3484
1175
3563
 385
 913
4814
4242
3722
 807
1006
2370
2848
3512
1628
3620
4887
3414
3903
2004
3424
4933
2333
4837
  20
  98
1338
 373
3594
3073
 213
3736
2989
 703
4341
1275
2926
 739
 938
1436
2310
 495
4780
3435
4579
1436
2388
 343
2564
3932
3501
3853
1638
3819
3577
2257
4848
3423
4504
4653
1587
1505
3179
 190
 669
2406
4905
3399
3385
1426
 339
3278
4963
3226
1192
2409
 270
1701
4635
 224
2476
1393
1628
2843
3157
 100
1817
4423
3697
4106
2526
4095
1896
1014
2579
4685
2499
1266
3594
 386
2161
3274
2324
1218
1328
3527
4240
3776
4900
1017
3298
4019
4915
1807
2865
2261
 172
1444
2582
4841
 913
3266
1424
 855
1997
2686
1800
3952
1782
4478
4137
3483
3982
1371
1875
3373
2157
4565
4658
4993
1300
3362
 707
1992
3555
3093
2833
1140
  27
 907
1399
4168
1999
1130
 912
2932
1287
2479
3815
 935
1789
1243
3719
3651
 601
 334
1233
3870
4369
1850
3578
1124
1063
 778
 136
1204
4997
 341
4122
4184
 582
1136
4159
3477
 554
4844
   3
1748
2435
3696
4948
 629
3102
2933
3534
3062
2566
1522
1288
4353
1200
3804
3561
4950
1966
2446
2100
3911
2389
1131
 142
2649
  83
 764
4404
3540
1103
3659
4827
1142
3735
 914
2994
3209
3433
 163
 470
1003
2936
1130
4735
4681
 340
 378
2108
1756
2039
3400
1089
3130
2110
3796
4520
1914
2750
1511
1912
1046
 560
  82
1663
2543
1997
1633
1545
 453
 103
4136
1864
2950
1433
2672
 669
2415
3253
3679
2627
1402
1445
 495
3777
4911
2254
1373
1098
4130
1307
1428
1427
2936
 630
1306
 355
1332
3390
1036
4182
 937
 610
1129
3465
2642
4154
1032
1274
3434
2023
2816
2558
3088
 794
4717
1118
3145
4136
3747
4869
3344
3591
3682
1389
1286
3179
4329
 156
2406
3658
4717
4916
2104
3661
 552
2480
3793
 201
4296
4226
 886
1237
 620
3991
1604
3015
1575
1614
 401
2433
2991
3847
4404
1514
4479
1476
 545
 592
3810
4420
1719
3236
 474
1057
 452
3454
4249
4791
4771
4547
3525
2861
2997
1299
1815
3244
1546
1874
1613
 122
 349
3213
2741
1284
4103
2082
4320
3187
4156
3469
 571
3279
1952
3519
2916
3306
2174
2176
2429
2452
4180
4729
2215
3881
3958
4982
2392
3688
1187
1587
4626
2464
1233
4892
 261
4539
 388
4238
1142
4482
2320
 249
 879
3242
1222
4378
 742
4238
 413
2318
 790
2149
1732
3449
4092
 933
1449
4453
3092
1426
4922
4759
 414
3986
2222
3151
3673
2239
2222
2261
2978
3772
2395
4893
1437
4471
3917
2287
 480
2605
2076
4240
2494
2558
4178
1013
2848
4953
 222
3501
 460
4792
1604
2176
2037
1444
3345
4059
3255
 792
 666
4866
  14
   6
3084
 418
 289
2418
2569
4652
3295
 581
3596
 564
4036
1350
3228
 105
4016
4822
4858
1105
2938
3482
3259
 849
3730
1977
1913
4328
 101
4015
 447
1803
4315
4859
2892
2710
4428
1491
3753
3505
2533
2841
3317
2929
2495
1066
1867
1843
1248
4666
 657
 866
3121
 917
 835
 455
3032
2572
1682
4418
 904
 733
 303
 192
1662
3533
 248
 505
4184
2068
2501
 470
4198
2480
4647
1986
4302
1664
4449
 165
 272
 304
1925
4510
2390
2595
 316
2468
4506
1191
2338
2714
3403
 512
3837
2279
2868
4852
4809
2319
2728
4195
2460
4484
4567
2961
4772
2216
2704
1024
  65
1425
2013
4862
 392
 272
4451
 538
1321
 786
1512
4213
2874
4516
3330
1115
4457
 259
4643
4271
2396
3745
3977
 711
 449
2394
1715
 534
1984
2783
3212
3038
3351
4896
4083
4925
1499
4729
4113
3413
3141
3634
1848
2694
4210
2320
4566
4886
3062
 582
2686
3539
2543
2730
 493
1488
3861
4006
1835
 706
2617
3632
2842
3900
2589
4715
 770
4905
2124
4736
 355
3228
1562
2561
1699
3697
4479
4957
1351
1477
3135
 919
2311
3232
 484
2178
2544
3685
3451
2405
3596
2507
 148
2098
4176
 151
2606
3980
2915
 403
3044
 171
4356
 561
 769
4120
 131
 332
4380
2886
4899
4901
3459
4388
3820
 814
2666
 223
2510
 292
3555
1130
4414
 216
1307
4622
 756
2001
2546
4074
 421
2924
 600
 992
 494
 842
1374
4715
2898
1426
4239
4809
1960
 687
4172
3880
  99
 546
4332
3971
4662
2335
 466
3165
4181
 622
1522
4457
 379
3929
2006
4379
4123
2870
2260
 335
1806
3356
1860
1407
4258
 844
1613
4223
1784
3401
2657
 897
1349
 294
2091
3903
4754
2645
 298
 483
1822
 512
 415
 782
2284
3937
 433
2591
3806
 704
2759
1155
3839
3928
4517
 110
2691
1099
2681
3702
4237
3126
 326
  86
1957
1855
 779
2828
3606
 859
 445
2646
1397
4698
4473
 733
4443
 260
3550
3619
3320
2781
3440
2189
1547
1578
1261
3153
3952
4475
1721
 492
2854
1776
4664
 442
2341
2784
4510
2076
4495
4358
3537
1395
1352
 647
 378
3314
4271
3042
2960
 113
3708
4056
3934
4981
 249
2240
1287
1661
 922
1981
3897
1428
 392
3811
3367
1763
3830
3895
 191
1159
2389
4994
3614
2342
1452
4418
 969
 226
4774
1691
 217
3548
3484
3733
4655
1889
2129
 805
2275
4014
2765
3164
3720
1976
2431
 750
3715
  54
4323
 777
3266
1505
4751
 196
3946
4920
1568
1805
1794
3101
 696
 967
2308
3337
3165
1809
2073
2455
2696
3935
4752
1098
3780
4738
2077
 235
4882
 648
 375
1619
4889
1490
3265
3218
4601
4769
3569
 435
1688
2548
3845
1000
1706
3236
 162
2926
 399
2456
1642
4682
4245
4849
2929
1428
2860
3100
2813
1252
2881
4323
3652
2752
1182
3225
 868
3711
1234
3597
4711
 585
1688
2034
 267
1268
1475
3434
 293
2116
 185
3387
3400
2343
4130
1231
 596
3324
2425
4680
4397
1978
4031
3374
 259
2438
3904
 391
1265
 963
4149
2424
2734
1485
4773
1298
3461
 940
1386
2349
 442
2040
4401
4448
2891
 504
1494
2768
 616
 437
4961
4571
1689
 649
 937
2823
 421
3860
2776
 436
4087
4317
1220
1330
2501
 271
1020
1677
 678
3303
4504
2222
3381
3463
3500
 426
1800
4162
2215
1270
1208
2645
1120
3278
3240
4040
4272
1683
4177
3166
1713
4544
 123
 799
3709
2728
2809
3404
1056
2428
4020
1331
3845
3832
3297
 113
2610
 390
4935
3374
3713
3196
3536
4431
1505
 474
 367
3368
1833
 566
2897
4187
 711
2287
2951
   5
 997
 698
2074
2301
 539
3129
 206
1897
 623
2360
 562
4979
4771
2909
4764
3238
4302
3113
   5
3059
3612
2335
 351
4231
4476
1301
3937
4266
4387
3973
2943
 385
2036
  21
4795
 645
3772
1243
3550
4660
3029
4343
1772
3967
 266
 294
3678
 501
  46
1894
3444
 764
4064
 846
4871
1322
4186
1819
4838
 483
 490
1879
 937
1311
 120
4695
4919
3977
 128
4019
1691
3221
4883
 141
   2
1953
 824
4959
1880
1931
 262
3764
1711
1261
2013
 408
3343
2845
4441
1907
  26
3876
4231
2181
4200
2734
2043
1311
4431
2661
  88
3914
3164
3785
1651
4087
1109
4800
3652
3723
2217
1454
2532
1611
4006
2356
 758
3043
4108
3354
1606
2767
3905
 488
3085
4211
2307
2495
4246
 791
 805
 546
2137
4324
4001
4332
4195
 992
4689
1674
3806
4722
4029
4755
3290
1137
1272
2186
 552
4928
3228
  67
3288
 937
3164
 636
3534
3851
2257
1969
4441
1852
1624
2365
3302
2903
2082
 157
 594
2629
2597
2247
2239
1684
3453
2680
3276
 585
1229
4203
2909
2460
2772
4649
1797
1346
1089
3632
2814
3898
 761
 585
2774
3248
2115
1825
2588
 107
4481
4750
4172
3647
1774
2912
3882
3354
4368
1711
4772
4000
1008
2962
 514
4502
1549
2367
3895
3530
2343
3246
4933
1976
1993
 330
1019
4358
1106
 587
 336
 190
3655
 266
 816
2038
1398
2912
1098
2333
2775
4852
3243
2018
2272
3249
1676
1784
1984
2206
 716
2470
 985
 122
2307
1136
1556
3037
2610
3553
2796
1060
 699
3740
4039
 156
3911
 981
4816
3803
3303
1359
 509
2987
 103
4124
4065
 952
2514
4149
2454
2652
1702
3108
3578
2993
 709
3244
1686
2754
3594
3304
4906
3828
3647
3306
2920
3315
4189
1301
 865
2580
3845
1161
2873
4487
4663
2967
3970
3447
3515
3426
4249
1998
1498
4210
3493
3924
2402
3519
4322
4579
 748
4502
 588
3668
1187
2008
4348
3434
3976
4339
3790
4743
 233
 533
3536
4983
 332
1389
4418
1733
4014
3318
3324
 739
 127
3899
2398
4083
 778
4736
1676
  81
1459
1995
 754
4360
3840
3918
2993
2724
1166
2437
3790
1666
4789
 141
 134
2042
2607
1514
3254
3238
 455
4101
 616
  32
4368
 695
1278
1375
4827
  98
2582
4917
3852
3591
1583
4847
1870
1769
3295
 395
1709
1128
4867
3606
3732
 841
2896
4159
 593
1437
 573
3160
2927
4741
1345
2265
3313
 770
1425
3748
 730
4191
2791
 914
2063
3931
3537
3965
4145
1619
4222
1476
2584
2921
2339
4089
4585
2280
3206
 201
1629
 149
3526
3848
4101
3552
1874
  35
2938
4593
 779
 903
3368
 769
 694
 729
4061
1109
3739
2735
2401
 396
4239
1326
 124
2940
2186
4973
3324
2177
 499
3680
 701
4417
4295
2421
4378
4972
3821
4191
4968
1974
3467
1011
4205
2189
1917
 895
4503
4539
4401
1274
4717
  36
2986
4217
4829
1564
1356
1808
4451
3212
 353
4645
 792
1422
 905
4869
1573
4088
2295
3255
3507
1266
  87
2292
4992
 299
2622
3443
4227
2070
 346
 470
3530
4009
2470
 796
 288
4525
1015
3462
2150
 420
2036
 750
3918
3552
3303
3469
 368
2235
3688
1991
3309
1384
3790
 177
4634
 646
 117
1005
2723
 838
4258
3296
3330
3876
 497
4844
2671
2301
1211
4248
3253
3806
 623
1722
 747
2288
 199
4940
2125
2655
4710
2510
1683
 840
2316
1311
1897
4069
1028
3386
2453
3236
 504
 718
2205
2858
4097
4110
4066
1086
4720
1802
2061
 166
2780
4104
1046
2368
3084
1183
2552
2161
1585
1983
 639
3930
2542
 167
3126
3194
1065
2111
 221
4504
2732
1800
 914
2811
2401
3882
4739
 115
4488
2882
1152
1635
2144
1465
 661
1362
1966
3674
4054
4673
 641
4836
1533
 989
4038
 697
2438
3408
 582
1622
4162
2480
  87
3455
4155
4503
1875
2887
 121
 792
 262
 145
1477
3208
1916
1557
1578
2929
1832
 145
2858
2187
1834
4161
 215
3540
2663
3433
1207
1880
1817
4656
 886
1798
 471
2906
2754
 120
4981
 101
  93
 286
2192
3157
3392
1654
4998
4285
2007
4994
3342
4176
4083
2448
3622
1062
4949
1208
2716
 904
 591
2073
4803
4823
4685
 404
4773
 954
3484
2035
2689
3879
4046
2429
2052
1667
1233
1706
4287
 540
1322
2714
4156
2137
2194
4379
4773
2043
4550
 910
 262
4104
4296
4874
 930
3580
3392
3823
2886
4341
3089
3692
2759
3927
3104
3896
4798
1758
3037
3193
 480
 904
2565
1960
4687
4346
2584
 763
1505
 248
4616
4730
3903
3205
 696
1878
4004
4890
1170
 759
3532
1496
 255
1004
3739
1726
3680
2085
2442
2975
3907
2814
2893
1463
 623
 989
3885
4242
1666
2963
3116
 247
3192
4374
2396
4835
1868
2502
 935
1904
3436
3638
2028
  45
 695
2618
3290
2511
1979
 929
2930
 368
4416
 347
1505
2092
4291
2934
1235
2019
2879
1438
1729
 892
2186
3807
2072
 288
1914
3117
1633
 367
  47
3150
2001
1584
3346
3849
3286
 755
1351
 750
1764
3956
 109
3344
1253
 537
2617
4937
2454
 861
3610
3105
4878
2343
3163
2570
1603
1303
1119
2596
 787
3102
2738
4179
2710
4368
2626
 599
2625
4209
 952
 261
 115
1499
4072
1378
3030
4405
  79
1804
2980
4091
3203
2257
4510
3574
2432
4809
  95
1273
4966
1440
4585
3477
 597
1912
1015
 392
2540
1652
4099
4226
 714
 344
1728
1270
4834
2542
4335
1347
4685
3909
2019
4387
1305
3212
 158
 124
3539
4870
1989
2582
4747
4737
 836
2187
3651
 677
 563
1145
2823
4736
2607
3240
4583
 539
4527
4277
2164
3396
1688
 809
1738
  21
2704
3888
4401
4329
3799
1404
4245
 453
3328
4274
2661
2193
4593
  83
3840
2292
 383
3529
2904
1444
3222
2740
2878
1419
4976
2139
3901
2545
1430
4029
1762
1412
1020
4536
2152
1005
2772
2227
2305
4667
3003
3745
4538
 323
2837
2000
1944
4954
2731
2351
  18
1270
2228
4761
4422
1888
 207
3855
4155
1248
2368
 261
4937
4085
4941
4721
2338
1766
1743
4327
2323
 241
4317
 984
1229
 689
1362
1170
1409
 964
 353
4886
1319
1010
4555
2964
4189
1313
  18
1111
 756
2781
 425
2959
4831
1074
2838
2209
4603
3716
3747
4694
4391
4734
 839
3617
 464
  70
2887
2166
3175
 878
 235
3163
1123
4092
 810
4269
2301
4341
3713
2278
 145
1713
4554
2642
  38
 703
3260
2336
4726
1295
3289
1878
3097
 186
1133
3187
2412
4253
2845
 165
 513
2241
3089
1741
3036
1182
2014
1918
2252
1588
2547
2850
1616
 666
4045
2029
  84
4096
3313
4494
2269
1888
3012
2526
1937
1410
3553
3471
3332
3377
4179
3233
4792
 260
1569
2990
4908
2715
 986
 261
4939
2918
 904
1502
4683
 707
  37
3673
3067
 823
1335
4694
4151
3595
1621
1567
3413
2792
1896
2576
 746
4846
4235
2281
3144
4872
2948
1308
1665
 445
3939
1982
1623
1854
 579
1595
3273
4523
3709
 871
2338
4585
2760
2533
2750
2451
1645
3444
4295
 778
 117
2827
1953
1896
4870
3677
2270
1698
2898
3602
1111
4084
2790
 192
4006
1419
4834
3652
  48
1775
3797
3972
4203
4216
 647
2052
1881
 650
4845
4932
3728
4361
 244
3011
3464
4552
1405
1244
4930
1325
4149
 681
1843
4694
2547
2805
4688
2721
 888
3889
1672
3052
 417
2459
3317
2069
4008
3756
 522
1777
 123
 713
2354
 630
1945
4449
 421
1142
3933
1532
3482
1349
2089
4737
1343
4582
1140
2943
4654
3328
3348
4819
2873
2370
3439
 644
3560
2339
4355
1545
 983
1744
 353
 501
1593
1109
1976
1404
2362
3260
3430
 926
 256
 331
3605
3501
2350
 969
4368
2978
3896
2370
2121
2708
2756
1655
3789
1464
2321
1406
 236
3589
1954
4951
 426
3247
 519
1710
 478
4640
2643
1448
3713
2990
 441
3882
 200
2293
3384
1333
2064
3434
3941
2219
3138
 735
4550
3195
4331
 673
4655
4298
1209
2595
2782
 983
1315
2605
1022
 129
1609
4984
2713
 840
4572
3936
2915
4131
 531
 561
4571
2432
2319
1276
4152
4855
2590
3376
 540
4934
4112
3835
1644
 201
1666
4456
 918
2726
 936
4653
1519
3553
1500
 861
 388
4248
3860
4076
1672
3918
3958
1856
1436
2308
2651
2153
 287
2174
 329
1766
2279
  33
3644
 666
3193
1697
 952
1604
4610
3560
1562
2077
4963
2686
4026
2556
3764
4916
4438
2361
2212
4768
4142
4197
1617
 443
1998
4949
3670
1529
2137
 366
1596
3886
1977
 754
3470
4007
 112
1889
 476
3879
1699
 169
3021
 489
1861
 609
4464
4504
3398
3049
2125
4143
 952
 277
 415
1408
2544
2668
1866
2073
3873
2792
1597
4162
1589
3594
4395
4147
3540
1731
2879
1783
1516
4940
 423
 382
4927
2996
2811
1891
 828
1838
3810
 670
2303
1612
2423
3249
2963
3324
4502
3158
4170
1039
 419
 744
1526
4567
 431
2197
3332
4260
 576
1088
4653
1838
1509
1850
 626
 631
2237
1541
2252
4274
4819
2422
3590
 260
2761
2554
 643
4924
 356
1327
1084
2038
4695
1308
3874
4800
4057
4242
1347
4786
3648
 428
4777
1705
3165
3268
2401
4649
4955
1457
3719
3734
2524
4878
2493
3669
4659
  74
 787
4225
 530
3183
 560
 979
 720
 862
3282
1513
1787
4678
1641
2288
3524
1911
 630
2173
 830
2617
1489
3029
3570
2912
3527
1945
2262
3838
 743
1500
2859
1532
 668
  27
4673
3694
 673
3612
4055
2304
1621
1109
4495
4396
 270
3900
2185
3566
 954
1683
4701
 598
 981
 279
 400
4536
1004
  95
3557
4134
3597
3474
1031
 802
4748
 251
4730
4182
1127
4209
3381
3904
3094
 679
1530
4653
4553
1726
1465
2055
3756
3643
1518
4985
1225
2131
4029
3053
4243
 348
2707
 261
4034
3183
1772
1863
4067
3194
3792
4119
 687
2499
  49
4117
4851
 954
3169
1505
1205
3140
3520
2646
4510
 736
1536
2534
 426
1751
 502
4404
 131
1519
1103
2002
3294
3319
  34
2105
4718
2801
1952
1535
3972
3118
4936
4334
2828
2522
4722
 588
 450
 160
2692
 660
4106
1130
 962
3161
1436
4239
3454
3072
4801
 691
3383
3076
3094
 308
1322
1249
2822
3165
1853
2249
2050
2027
1498
1002
3375
 383
1777
2291
2143
 697
3686
2561
 434
2218
3381
 987
 873
4084
2959
3121
  29
4690
4294
1412
4587
3529
1484
2715
1485
 546
1276
 553
1673
 668
1751
 337
2330
2796
4537
3217
4685
 159
1376
4905
 172
3480
4618
4041
 247
1306
1559
4318
 670
2093
2114
4918
3091
 777
2828
1506
4414
3551
 135
2299
2542
2473
 815
3993
 231
 683
2272
 951
1280
 855
2948
1230
4602
4353
1072
4293
4952
4041
 893
1621
3291
4590
1823
3889
2974
 997
 819
3441
1296
 477
 275
 878
2973
3562
2520
2694
 412
4715
1574
4720
3548
4470
1138
1542
3595
 243
2788
1902
3065
4921
3017
3081
3374
 136
2108
 510
4651
4162
2423
 708
4892
2940
 390
 429
3342
1246
4510
3529
 523
 334
3670
3139
 765
3192
 501
4720
1160
3150
3276
3000
1406
2100
2531
4597
4478
1655
 198
2242
3956
3776
2612
4459
 268
4981
3257
2576
3814
1355
 559
3139
4831
3109
2354
 853
3191
2320
3307
4286
2833
3887
2438
4401
4094
4353
4873
3748
1868
1098
1445
5000
4530
 980
2760
2805
 295
3339
3317
1946
2433
1448
 210
 399
1520
1482
3191
2017
2004
2432
1084
3139
2500
2285
3174
4299
3268
2201
4023
1689
4646
2065
2765
 850
  20
2735
4270
4658
4566
4035
1716
1391
4213
 366
 574
4587
4582
 730
2181
1466
2107
1908
2927
4464
  77
4400
3745
  61
4794
4247
3670
1130
1431
1496
1613
1668
3803
  19
3410
4082
3984
2902
2009
1663
2117
 311
3869
1681
1382
4770
4880
4721
2473
1763
 596
4840
3616
1759
4884
4322
4061
4688
4448
 286
4253
 693
3192
2241
4313
   2
 902
3140
1692
 265
4052
1898
4607
3761
2841
1992
2584
1710
3224
3615
4577
2954
4084
1196
1864
1089
 986
1643
3305
 320
 763
4439
4942
4063
4194
4913
 511
 968
4581
3661
4268
2424
4116
2436
1979
2084
2750
4056
 178
1704
 822
2604
 811
1493
 795
3682
 535
2139
4140
1546
2812
3190
4494
2293
 305
 699
 296
3398
3677
1437
 548
4895
3344
4229
1940
3132
4302
3583
4963
2611
1723
2689
2991
 830
3392
2367
3547
 649
1990
 185
4789
1128
2513
 673
 326
3354
2699
3039
4718
4225
1810
3594
1237
 686
1427
4290
1192
2018
1309
4433
3571
1818
3522
1725
4686
 215
3864
3682
2406
1479
2991
1961
2377
 645
 605
3663
 765
1184
2717
4186
3867
1395
2303
4614
 839
4647
1013
3315
 700
4703
3721
4092
2861
   3
4205
4360
3181
1562
3085
1916
3304
1491
2820
 834
3856
4292
4059
2737
2187
4214
2367
4838
2657
3530
1724
2978
1568
3997
2649
 278
3875
3728
 158
2468
3622
 827
1472
 304
3834
 509
4000
4058
4642
3206
3385
4501
3818
2521
2438
3136
3386
5000
1343
3272
 114
1403
3251
3497
3395
2260
 749
 621
 370
4595
2581
 878
1739
1811
3135
1599
 319
3313
1970
 975
1596
4424
4175
2588
  35
3385
4916
2296
3072
2194
2843
3510
 146
1726
4935
2181
2890
1103
2012
 116
3265
3667
 793
 899
 596
4724
4506
3122
3672
2378
 630
 853
3639
4724
1084
4410
3427
2740
1134
1871
1154
  23
2422
 777
2760
  38
 410
1235
4210
2405
2924
3367
 528
3332
1096
 268
1059
2361
1919
4740
 499
4215
3870
 659
 476
1254
3194
1049
1389
4186
3092
 734
 490
1383
3602
2200
 298
1157
3276
 547
2608
1187
4510
1386
1332
4371
2283
3893
2303
3413
1222
3192
2495
1441
 584
 658
3532
 325
3194
 733
3211
4704
4161
4650
3000
4255
1642
2548
3276
2024
3866
2729
3555
1491
 893
4693
1460
1334
4112
3366
3584
3191
4658
1596
3490
3487
4597
1376
4081
  45
 591
3467
2802
4991
2321
4964
 366
4180
3568
4374
 582
1285
4689
1228
1131
2556
1405
2840
3923
2907
4237
4476
4576
1758
2341
2010
2415
 731
4224
2695
1823
3049
1081
1580
2026
3907
3246
3587
2755
3694
2742
4284
 797
3615
 498
3374
 384
 684
1383
1136
3794
2461
3163
3414
1053
2321
  54
4351
1092
  14
4258
2781
4485
3649
1445
3271
4594
4213
4891
2792
 233
1155
  31
2725
3920
1732
2037
 642
2766
4901
4216
1703
3203
1547
 575
 596
2266
4951
2576
4900
2626
3983
2277
2142
 753
1015
 214
2068
2081
 375
2359
 131
2678
1996
2322
3538
1188
3342
4859
  21
2705
2562
4602
4070
3745
 721
4471
 709
2866
2585
1694
2692
4054
3492
1610
1480
3214
3963
4693
1559
1891
2292
1769
2345
1038
4503
3985
3643
 550
3088
1207
 624
2790
4190
4086
1315
2286
4128
1328
 917
4742
1867
4076
4845
3547
2541
 755
1351
2800
1057
3670
1953
 337
4780
1651
 507
2292
  19
4760
 968
4970
1060
 337
 122
3840
4122
4783
 538
4389
 721
2365
  17
  36
3073
4833
2269
4118
1535
1495
2862
2713
1327
1235
1840
1352
1457
3893
3939
1434
 901
2161
1528
4235
2770
1350
2799
4372
 957
3084
2891
4125
3162
4578
 280
4142
 509
 636
1988
  52
1598
3653
2327
4275
1607
2170
1580
  33
2437
2680
4394
1760
3945
4460
3611
 688
1201
3916
2503
2425
1580
2727
2898
3123
 864
2578
2790
 487
3894
3348
 682
3081
 288
1543
 438
 224
1224
1589
2623
2058
 428
3723
 652
2720
2761
2111
3773
1009
 401
4703
3163
3710
 367
  20
 704
3722
2077
2693
1947
1072
   3
1468
2763
2133
1500
4551
 625
2678
3519
2224
1088
3339
 198
3108
1230
4143
2110
4035
1779
1977
2975
3005
3626
2015
2570
1122
 372
3359
4812
3677
 608
2432
4542
4221
2075
2607
3164
2505
4755
 555
2750
1640
1270
 677
2878
2970
2464
3435
1764
 652
1209
4268
2692
 331
3228
 238
 289
1684
 657
1169
4789
3674
 590
3007
1767
 725
1290
 148
 681
3450
1803
3306
2182
1427
2143
2374
1758
4707
2281
3407
1650
2947
4812
3859
1218
2054
3129
3330
3654
4957
1764
1397
 890
 668
3515
 287
4000
 267
2140
2558
1974
1993
2590
 504
2684
2949
 467
4126
3803
 737
 609
 563
1423
1592
3993
4201
1288
  25
 780
 606
 404
2442
4982
2046
 867
4655
3389
3751
4961
1000
3126
3596
2593
3755
1371
3973
2321
4918
1797
 804
1886
2525
2171
2414
4535
1840
2025
3705
 743
3392
1972
4078
4540
2506
4658
4883
2609
2715
4275
3378
4145
4739
 821
1415
4060
4026
4800
3462
 141
1782
 866
2687
2761
4636
2093
2638
 244
3023
1209
3160
 263
1065
3047
1992
 992
 530
1527
 961
  44
4705
 160
 751
1036
3458
1469
  87
4546
2188
2533
2256
 542
3791
 836
1280
 614
 680
1856
   8
1764
3626
3814
3046
 264
4779
 370
3263
 763
 932
1644
 946
1016
2646
4378
 739
4202
4548
4561
4749
3453
4290
3297
 464
 217
 628
1741
4554
2542
1886
4335
2687
4237
1027
1916
2209
4693
 154
2608
2062
3174
2189
1633
 294
4506
1370
3591
1061
2457
1720
3054
2230
 697
2471
4919
2612
2917
  48
4066
4073
 740
 986
1226
 555
4510
1435
1072
3434
2632
2287
 294
4638
2741
4508
2398
3907
 513
3358
 790
4791
 255
4525
3814
4769
1208
4655
 538
3104
 450
3236
3270
2219
1026
2865
4241
1469
2295
 740
4794
1275
 154
 246
 226
  81
 641
1408
3024
2121
1557
3460
4798
3306
1091
 941
3517
4718
1557
2134
3290
1025
2356
 937
1145
3327
3780
1680
3104
1320
4516
1453
2987
1016
3699
2471
3446
3180
2343
4435
1771
3483
3304
4816
4021
1833
3220
4860
2864
 771
3389
3578
1380
